0,413
0,412
0,411
0,410
0,409
0,408
35,5
0,407
0,406
0,405
0,404
35,4
0,403
35,3
35,2
0,402
35,1
35,0
34,4
34,3
34,2
34,1
34,0
33,4
33,3
33,2
33,1
33,0
0,401
0,400
32,4
32,3
32,2
32,1
32,0
31,3
31,2
31,1
31,0
0,399
0,398
0,397
0,396
0,395
0,394
0,393
0,278
0,9
0,392
0,391
0,390
0,386
30,57
30,56
30,55
30,54
30,53
30,52
30,51
30,50
30,49
30,48
30,47
30,46
30,45
30,44
30,43
30,42
30,41
30,40
30,39
30,38
30,37
30,36
30,35
3,2
10,219
10,21
10,85
10,189
10,69
10,101
10,31
10,2
10,3
11,7
11,8
9,5
9,2
9,3
8,16
8,6
8,4
8,7
8,2
